width: 1920
height: 1280
D: [-2.03340621e-01,2.22759254e-01,-1.33383545e-04,5.34158162e-04,-2.97543758e-01]
K: [2.15472598e+03,0.00000000e+00,9.57754056e+02,0.00000000e+00,2.15133422e+03,5.78859697e+02,0.00000000e+00,0.00000000e+00,1.00000000e+00]